bathy.asc
NCOLS 215
NROWS 375
XLLCORNER 4809000
YLLCORNER 3480000
CELLSIZE 1000
NODATA_value -9999
[rows 272 to 305 of 375, columns 77 to 153 of 215]
64.74 65.23 71.61 68.80 70.02 71.09 67.87 65.94 66.96 72.15 62.86 68.46 69.65 65.14 68.55 62.34 62.85 65.73 64.13 67.00 66.34 70.16 62.82 66.37 62.27 66.51 61.89 69.98 64.08 63.30 68.32 63.97 62.30 61.10 61.54 63.46 67.52 65.71 61.27 64.71 66.86 65.84 66.58 69.51 67.68 59.99 61.47 66.80 68.91 61.75 60.25 60.89 60.92 63.06 65.87 60.51 65.73 68.31 66.52 65.75 60.48 64.67 61.11 62.57 65.79 58.70 59.67 65.64 60.15 66.49 61.99 60.33 66.10 67.22 59.32 67.02 65.39
62.74 71.27 67.23 65.60 64.81 65.65 63.12 66.61 65.04 67.43 64.21 64.04 69.22 61.51 67.23 68.54 68.31 63.84 63.18 70.19 63.01 67.04 61.78 69.09 66.40 68.91 61.66 64.81 70.00 61.14 66.71 65.09 60.49 68.95 69.42 66.29 64.07 60.08 68.02 66.85 67.58 66.32 60.97 65.24 67.09 60.49 61.29 63.19 66.39 66.88 63.22 65.91 61.08 66.25 62.51 62.46 58.76 64.80 67.36 62.05 64.20 61.48 66.96 66.58 66.27 59.24 61.75 66.52 67.31 63.95 60.45 58.87 64.05 65.51 59.72 57.71 60.05
67.15 68.51 63.26 67.18 66.48 63.24 67.13 67.11 61.53 63.52 70.56 62.35 67.31 64.50 67.68 63.44 61.37 63.11 64.48 70.39 65.43 63.86 64.70 62.39 61.17 67.83 64.38 68.72 61.06 64.73 67.62 67.35 65.30 64.83 65.75 63.07 64.63 60.26 64.80 61.48 60.31 59.98 65.98 68.41 66.18 59.84 58.92 67.53 60.96 66.43 65.30 61.76 61.57 63.28 59.70 63.09 65.32 60.82 60.51 65.44 61.89 65.39 58.59 66.61 62.48 59.39 64.33 66.10 60.53 62.02 62.09 56.67 57.03 62.47 58.12 63.89 65.19
64.29 69.77 64.07 63.42 68.02 67.96 68.65 63.97 69.69 70.30 68.79 69.53 62.52 61.51 62.29 66.01 63.00 66.94 68.52 65.30 65.40 67.42 69.35 66.80 65.26 60.96 66.70 63.41 66.04 66.44 67.77 68.89 63.13 64.90 66.00 59.33 61.81 67.69 62.82 59.11 67.10 62.46 63.92 65.75 58.84 60.94 66.18 59.37 63.62 65.93 57.91 61.60 65.93 60.20 66.84 58.10 58.62 61.38 62.64 60.18 66.55 61.99 59.86 59.64 61.55 64.20 62.21 58.93 61.85 56.49 64.84 61.48 56.87 65.32 62.85 59.14 56.17
61.94 66.10 63.39 60.80 61.77 60.61 67.22 63.56 68.69 61.12 68.52 66.98 66.68 63.73 66.21 60.84 59.60 63.90 62.92 65.78 61.88 62.96 67.73 62.79 62.80 68.80 64.33 66.00 61.10 63.66 61.77 66.53 68.03 67.73 67.05 63.82 59.20 64.06 64.38 60.43 63.57 66.63 63.25 61.02 63.02 65.83 59.32 63.35 57.36 57.55 64.59 59.20 58.27 66.07 65.12 60.64 57.28 59.97 62.46 56.69 65.21 57.03 64.97 65.63 59.23 60.30 64.45 58.33 62.57 58.02 58.27 60.79 61.24 64.39 56.75 64.40 57.61
63.52 62.98 61.07 65.90 62.61 68.35 65.62 64.10 64.24 64.25 64.93 59.58 68.79 66.56 65.70 64.91 68.32 59.49 65.99 66.99 68.01 59.72 67.47 66.62 67.29 66.61 61.33 59.85 65.54 64.52 59.71 62.35 59.76 61.48 65.43 64.27 60.71 64.08 57.62 65.90 57.49 63.97 62.13 64.13 61.66 66.21 66.09 63.81 63.98 56.97 61.49 58.25 64.52 66.02 63.47 62.42 63.04 57.11 61.28 61.15 59.17 61.61 57.16 60.02 64.94 60.19 56.52 55.68 63.19 64.50 63.75 61.73 62.29 63.86 55.36 57.81 55.02
65.72 62.06 67.30 65.42 64.29 66.28 66.71 65.46 59.55 58.90 61.68 63.11 62.43 67.23 67.63 63.82 62.72 62.96 62.51 60.87 64.01 67.89 60.34 64.60 61.85 58.26 61.31 59.21 61.32 59.47 64.83 63.73 60.73 65.32 62.57 57.48 59.92 64.06 59.42 64.14 61.54 60.10 61.94 63.30 65.20 64.76 57.11 60.75 65.86 63.96 61.88 64.08 60.78 56.26 58.55 60.37 60.82 61.13 55.74 63.72 56.56 60.69 58.36 58.43 55.78 60.40 61.87 56.83 63.38 60.42 63.00 59.71 58.21 63.02 62.58 63.36 57.65
61.29 64.34 62.67 59.16 60.18 60.50 66.88 60.87 60.42 62.81 61.33 65.48 65.69 60.71 67.31 66.09 61.53 65.50 67.51 64.66 66.26 63.99 63.15 59.86 64.64 66.77 58.17 58.79 60.10 64.83 58.37 61.97 57.39 65.60 63.61 60.92 57.16 56.54 63.44 56.39 59.03 62.33 58.07 63.86 65.75 63.55 56.44 63.65 60.02 61.29 61.26 58.37 58.94 56.35 55.42 56.74 64.29 59.43 63.48 60.48 61.08 58.77 54.44 55.34 57.74 62.30 60.47 63.64 61.71 59.72 54.12 54.03 56.57 56.45 62.63 61.04 57.95
64.96 68.28 63.27 68.02 61.96 61.26 60.27 67.47 66.65 66.59 66.60 62.21 58.60 59.58 64.46 64.49 61.42 62.02 58.05 64.42 62.21 58.33 58.44 65.26 62.14 61.19 56.57 57.46 62.91 64.50 57.34 62.44 57.58 60.77 59.40 63.48 60.29 59.52 62.40 62.86 55.87 57.36 60.65 57.36 61.40 59.95 60.94 58.84 61.89 57.40 56.90 63.42 62.76 60.42 54.46 61.20 55.90 57.63 59.49 58.95 62.32 56.87 56.54 56.35 58.94 53.95 56.86 56.85 61.69 55.20 55.35 56.44 57.49 62.91 59.29 60.13 52.98
67.54 66.38 63.69 59.57 62.52 64.28 61.11 65.78 66.18 62.69 58.54 57.59 61.43 66.57 58.15 57.13 58.22 57.21 61.52 64.79 59.48 60.89 57.29 57.16 61.68 60.97 61.94 56.29 57.34 59.69 62.11 63.71 62.47 61.15 64.99 55.60 56.28 63.87 64.03 58.17 58.34 58.80 63.77 63.90 60.43 55.97 57.64 59.61 57.37 58.66 58.50 56.94 59.75 62.69 53.85 57.98 63.66 56.35 58.25 59.39 57.35 62.69 61.44 62.09 61.54 54.80 57.51 60.08 59.91 53.66 55.49 59.40 57.21 58.22 57.00 56.82 52.65
63.17 59.72 59.38 65.48 58.36 64.96 63.75 57.57 62.63 59.33 59.35 66.21 61.76 64.07 64.00 60.36 57.92 64.80 63.59 65.47 60.56 57.99 62.96 57.09 64.31 55.75 60.15 60.50 57.40 64.21 57.29 55.79 63.56 56.24 60.25 56.48 54.96 60.01 56.25 62.70 57.47 57.10 58.28 63.87 54.98 58.72 56.04 57.39 55.84 61.43 63.55 54.60 62.96 59.12 61.65 60.40 59.69 57.39 60.09 61.71 62.04 57.49 54.70 53.24 57.56 57.60 58.57 52.53 52.71 61.95 59.43 60.08 58.62 56.91 58.40 59.68 54.82
62.34 57.03 59.79 59.22 64.97 56.42 61.43 61.91 63.25 59.20 57.41 64.80 57.37 62.09 64.79 56.76 63.82 62.37 60.11 63.54 63.39 59.70 58.39 56.65 59.42 62.00 57.38 55.97 62.71 58.03 58.57 58.55 62.09 64.12 61.71 60.10 58.64 63.64 60.69 59.43 59.90 61.32 62.51 57.31 59.25 60.33 54.21 58.57 58.87 55.60 60.34 58.40 54.24 55.03 58.57 56.36 57.69 59.62 61.04 52.95 56.09 52.28 61.56 59.96 58.98 54.49 53.39 61.54 60.66 61.35 57.97 53.16 55.76 53.55 56.02 60.24 60.98
58.67 62.18 58.35 60.19 58.71 59.14 63.70 63.32 56.87 57.19 57.89 58.27 59.49 63.37 60.59 61.98 57.84 61.70 59.85 60.74 64.65 60.56 55.02 54.99 58.84 62.16 55.79 62.41 59.78 57.27 58.08 55.58 61.09 62.19 60.85 63.13 62.85 63.24 59.55 58.36 59.62 60.15 58.02 61.40 58.84 60.02 57.03 62.14 58.31 56.26 56.58 60.61 55.96 54.57 55.39 55.43 52.45 58.23 54.74 58.53 57.52 57.92 52.65 56.56 51.89 61.27 59.45 52.98 51.53 59.08 52.50 53.64 54.44 51.38 57.49 51.61 60.22
64.12 63.76 62.83 65.16 58.63 64.95 56.46 60.61 60.83 55.55 59.30 56.82 55.13 59.91 62.24 54.66 60.87 56.90 54.72 58.68 54.80 58.77 59.26 63.48 58.52 58.81 61.82 53.71 63.24 56.83 58.06 53.31 61.55 54.47 59.46 59.36 62.27 56.18 55.02 54.45 57.55 59.75 53.47 53.11 60.77 55.02 53.68 55.15 54.76 58.87 60.05 60.85 57.96 51.76 57.99 61.49 54.01 54.64 53.88 52.01 51.14 53.91 59.64 59.14 58.96 55.27 58.68 53.62 53.79 59.94 55.58 51.47 58.29 59.21 54.99 56.29 50.05
55.75 56.68 60.68 54.94 55.60 57.57 63.45 55.58 61.04 58.10 60.70 57.72 59.42 56.68 56.92 56.91 63.67 57.93 62.59 61.57 63.16 57.59 59.99 59.86 59.40 58.74 62.69 55.53 57.70 60.67 54.64 61.93 58.52 59.39 53.44 61.42 59.38 59.16 61.29 54.47 55.25 57.09 54.35 54.75 53.02 55.50 57.50 52.20 56.16 54.33 58.77 57.38 53.82 53.37 57.54 59.36 56.17 58.47 51.58 60.10 56.30 58.70 59.57 51.18 52.63 59.21 56.13 54.19 56.94 50.40 56.58 51.19 52.26 56.39 51.11 56.25 57.80
55.85 61.30 57.08 59.95 57.50 56.56 56.18 56.80 62.55 56.35 59.25 55.84 61.84 60.26 58.59 59.98 57.23 59.99 61.81 60.77 60.86 58.00 61.76 52.81 60.10 56.30 58.88 53.32 55.75 62.05 57.09 59.40 60.10 56.65 55.80 51.91 57.74 61.09 52.39 58.83 58.58 52.02 53.84 60.55 56.83 59.38 51.86 56.23 59.50 54.81 58.84 53.80 53.93 52.68 57.13 54.02 55.41 50.73 54.78 56.00 51.64 52.68 56.14 57.41 57.40 50.67 51.05 56.97 54.14 59.26 51.65 53.10 55.67 51.14 53.65 52.18 50.88
60.35 55.46 60.91 60.96 62.81 55.86 56.41 61.66 62.74 62.06 62.76 59.58 56.92 61.76 57.35 56.38 61.75 56.10 53.80 58.79 60.34 60.56 57.68 57.77 55.35 52.54 59.77 52.62 53.31 60.02 51.89 61.35 56.39 60.26 59.24 58.06 52.82 53.31 60.03 57.57 54.22 60.31 54.62 52.45 54.38 58.86 52.56 59.51 55.52 57.50 52.71 57.85 55.59 54.70 57.62 53.78 58.85 55.06 57.40 51.51 51.00 53.25 58.79 53.24 53.60 53.49 56.79 57.80 57.38 54.90 49.84 53.16 53.25 48.67 50.12 50.56 54.03
61.36 58.12 53.20 54.25 55.68 57.28 53.29 55.82 62.60 53.30 56.16 53.43 55.00 59.62 54.17 57.66 55.22 60.98 52.81 51.96 54.76 57.94 57.81 52.02 55.13 61.13 59.52 55.88 53.02 53.75 53.53 58.72 60.07 51.07 52.59 60.15 59.09 52.96 58.12 59.74 54.46 50.68 58.52 56.87 51.13 54.44 56.01 50.49 57.84 58.94 54.03 50.68 53.09 57.56 55.71 58.77 50.99 49.71 53.33 58.70 57.40 51.89 56.77 52.38 50.23 51.07 49.08 51.37 51.90 51.00 57.87 57.79 56.39 47.96 57.65 49.97 56.26
58.46 56.74 61.35 60.92 56.32 61.35 57.13 55.90 54.87 54.64 59.91 57.80 53.93 54.20 53.24 55.36 56.59 55.52 53.52 56.85 57.39 54.55 61.12 58.60 60.44 50.99 60.49 56.06 58.09 51.35 54.73 60.41 52.09 60.10 54.18 50.98 57.47 50.86 56.23 58.23 53.19 57.97 58.35 56.11 51.78 56.46 50.41 56.54 54.46 54.91 50.13 57.67 58.18 52.85 50.93 54.20 55.23 49.52 53.83 49.75 51.53 57.62 51.34 56.33 57.08 48.67 51.99 50.96 56.85 51.41 51.27 56.52 55.59 55.51 48.69 52.79 55.10
61.02 61.14 59.67 60.23 57.38 57.07 55.79 59.30 59.35 53.07 52.79 57.76 52.50 60.27 59.79 54.50 51.46 56.58 54.89 52.33 58.52 56.52 51.83 53.66 57.17 56.52 57.92 54.36 51.43 59.65 59.56 52.53 59.59 57.42 50.08 51.92 54.77 54.56 50.46 58.84 59.07 49.38 49.49 49.95 55.72 53.23 56.81 53.47 54.51 53.71 55.58 50.45 51.65 51.44 51.02 57.08 57.04 56.71 54.40 51.62 55.39 55.67 53.69 51.04 53.69 51.23 53.60 51.54 52.35 55.09 50.08 51.96 54.33 47.60 53.27 53.64 51.41
59.19 60.32 56.10 55.73 56.37 51.44 55.26 52.97 59.60 52.33 57.29 53.21 60.47 58.51 56.04 56.11 60.33 58.65 57.51 54.08 50.95 54.15 58.44 51.07 54.91 57.07 53.16 58.95 51.56 57.50 50.21 58.72 56.19 55.04 51.17 57.28 51.33 51.14 54.78 51.41 56.95 53.75 55.15 50.68 51.90 53.25 54.47 57.86 53.68 49.62 53.19 49.14 57.68 53.63 53.74 53.19 48.34 50.90 56.79 53.61 52.79 55.67 53.55 56.06 48.37 48.46 49.74 51.94 52.78 47.65 49.69 49.56 47.56 48.57 50.29 50.46 47.51
53.63 54.61 51.57 52.55 55.86 53.50 53.72 52.07 60.32 52.84 57.51 59.75 52.70 59.44 54.49 57.96 52.74 54.85 54.36 50.92 52.66 52.64 51.25 49.89 49.98 57.53 55.31 53.21 55.46 50.81 52.74 57.19 55.54 51.79 48.95 55.91 50.36 49.36 55.69 48.42 50.16 51.84 57.77 47.94 47.92 55.55 56.30 54.50 48.90 55.93 53.03 50.09 49.66 54.99 55.77 53.24 53.79 49.38 50.53 54.86 55.77 54.30 54.33 52.12 50.69 47.23 49.22 52.75 51.85 47.22 45.91 48.26 53.24 52.59 48.31 50.97 55.15
56.50 56.43 54.40 55.93 51.26 52.25 53.20 55.46 54.69 49.90 58.68 57.52 51.23 50.07 58.73 54.29 56.33 51.80 57.31 58.18 58.43 54.45 48.91 50.46 56.72 55.48 55.48 57.04 52.86 49.08 50.61 51.30 51.10 50.70 50.12 50.18 54.31 48.68 54.63 52.76 50.27 50.68 49.71 53.17 52.75 56.89 51.46 54.04 52.24 54.73 47.95 50.82 50.66 47.97 55.66 46.76 55.60 50.48 51.77 51.47 47.32 53.16 51.52 53.41 50.53 48.60 52.59 52.08 46.05 55.01 46.49 50.97 45.34 47.52 47.14 49.34 47.30
51.46 59.75 50.02 57.62 54.47 59.12 56.75 49.80 53.13 53.29 55.26 55.95 58.99 50.01 56.37 55.22 55.50 54.82 56.08 54.24 56.31 53.43 53.77 52.96 52.25 56.21 54.88 54.59 56.78 49.81 51.56 53.68 55.22 48.93 51.03 54.97 48.17 50.13 48.97 48.58 54.01 49.59 47.50 46.98 55.29 49.40 55.67 47.61 50.27 55.04 47.71 53.03 49.51 48.43 51.31 52.46 47.70 49.13 48.50 48.54 50.89 47.19 47.55 51.13 53.17 47.63 48.33 48.71 48.22 48.63 49.17 49.29 46.68 49.42 49.85 47.11 46.75
57.00 52.24 53.15 57.63 58.76 50.19 58.62 49.35 55.10 49.76 49.21 51.64 51.74 50.76 52.12 53.65 49.17 50.36 56.45 55.87 50.45 55.52 51.15 52.50 54.58 56.24 55.25 50.64 54.49 51.89 49.92 50.72 49.22 56.20 52.66 50.99 48.96 53.78 48.59 54.78 50.57 48.65 50.20 54.15 53.53 50.01 46.54 48.74 49.72 50.51 48.89 49.44 48.27 48.62 47.40 47.91 49.63 46.97 51.30 52.80 48.44 52.37 50.42 46.77 51.21 47.03 45.87 46.12 45.09 49.19 46.21 46.84 45.98 49.94 45.59 47.96 45.87
50.06 50.98 51.28 52.01 55.93 54.12 58.22 54.83 56.70 55.19 52.40 55.76 47.99 54.14 53.76 57.64 53.81 50.15 55.29 53.19 52.43 52.80 53.90 50.54 55.87 51.98 47.48 51.74 54.60 49.85 51.94 53.46 53.55 51.21 56.19 49.88 52.83 52.72 55.78 48.49 48.81 48.55 53.77 51.37 47.78 50.23 52.97 52.74 51.00 49.18 49.56 47.40 49.92 50.57 50.73 46.44 49.82 48.09 48.55 50.76 45.81 49.46 49.12 46.33 50.26 47.52 48.01 45.76 44.55 48.10 47.32 44.34 44.85 47.80 44.69 47.10 45.49
55.23 56.92 54.49 53.25 48.76 52.63 55.05 50.84 54.48 56.50 51.10 48.79 54.30 51.81 53.53 49.84 51.34 51.76 47.07 47.77 50.25 56.06 48.02 53.40 46.72 46.91 47.45 54.77 52.86 49.92 52.07 46.55 48.13 50.18 52.29 52.42 55.38 46.50 49.47 51.04 49.75 45.49 45.15 45.99 51.78 48.05 52.01 48.40 51.45 51.36 47.57 50.56 46.48 45.81 49.99 50.48 46.44 45.13 49.90 48.69 46.85 49.57 48.47 45.72 48.95 43.36 44.36 44.91 45.69 45.47 42.50 47.32 42.16 41.53 46.92 44.16 45.27
50.25 53.27 48.33 52.70 56.07 47.38 51.12 52.52 47.45 52.37 50.34 53.07 51.44 52.45 50.92 49.07 51.43 48.31 47.01 52.79 54.29 52.03 48.04 47.95 52.50 47.92 50.38 53.09 50.46 54.15 46.80 50.33 48.89 45.94 51.75 46.83 47.08 47.25 52.25 47.61 47.95 48.27 47.29 47.88 51.38 48.43 46.56 49.11 48.57 45.83 45.95 49.33 45.64 47.29 44.07 45.54 47.58 48.68 47.00 44.27 45.03 43.86 45.26 43.85 46.58 42.88 43.22 44.64 43.52 44.58 41.47 43.37 42.51 45.44 43.18 41.30 44.16
53.14 49.88 49.69 48.60 47.91 53.03 46.66 47.04 51.61 48.93 48.33 50.74 48.21 52.22 49.90 48.16 46.28 48.66 46.81 47.23 53.51 52.47 51.30 53.41 51.41 46.65 48.27 50.28 49.66 50.38 48.64 49.93 52.12 49.35 46.11 48.80 45.74 50.11 45.39 45.25 45.83 47.64 48.50 48.53 49.45 48.11 47.27 45.84 43.48 45.79 46.48 45.10 48.17 46.92 44.29 44.18 43.91 44.21 43.71 42.92 43.46 45.31 40.61 44.74 45.73 41.95 43.62 45.32 43.69 43.21 44.14 39.28 43.66 41.14 38.21 42.59 39.71
50.63 50.62 51.30 48.54 55.33 47.92 48.46 46.01 54.89 54.29 52.61 54.57 54.68 50.84 48.41 52.89 53.96 52.86 49.58 47.01 51.23 49.22 46.67 52.32 46.57 51.46 47.49 46.63 50.76 48.26 47.73 46.59 46.88 49.10 47.54 44.39 45.93 47.30 46.19 46.10 44.98 48.26 46.60 46.85 46.96 46.82 45.57 42.73 43.13 43.02 42.01 41.28 43.56 42.65 43.32 40.92 42.86 41.65 41.00 44.13 44.42 42.15 45.10 40.44 39.99 38.73 38.77 41.71 39.46 38.85 38.86 42.39 39.61 41.79 38.33 41.37 39.92
51.34 50.84 46.86 47.07 52.15 46.07 53.33 45.87 52.04 47.82 53.37 47.77 53.24 52.10 50.50 47.47 49.28 47.83 50.47 50.08 46.06 48.55 50.24 49.64 49.70 47.46 50.29 45.08 46.12 49.60 44.23 48.11 47.41 45.14 46.09 45.43 44.09 45.30 43.10 43.44 44.45 43.95 43.70 45.44 43.72 42.06 44.19 42.35 40.77 43.49 41.72 42.62 39.84 40.50 40.14 43.73 44.61 43.68 43.70 39.59 43.38 43.65 39.59 40.64 40.51 39.84 41.73 41.63 39.15 37.45 41.28 37.21 38.28 41.54 36.88 39.49 35.05
49.09 53.58 50.82 46.98 46.46 51.79 52.15 50.43 46.88 47.33 48.62 49.95 48.99 50.18 50.29 50.27 46.32 44.71 46.68 45.99 49.88 49.18 46.48 48.28 47.65 46.17 48.84 48.52 48.60 46.16 46.32 43.72 45.24 43.16 47.37 43.88 41.23 43.23 43.20 42.06 44.30 41.84 45.22 42.93 39.98 42.91 44.69 40.17 42.13 40.29 40.62 41.91 41.57 43.01 38.88 39.11 41.58 37.38 40.95 42.36 39.39 36.54 36.40 39.74 36.67 40.69 40.06 38.54 38.48 37.93 36.25 37.71 39.16 34.51 39.24 39.08 37.44
51.37 46.57 49.34 47.03 50.96 46.20 50.30 45.30 50.73 45.11 49.83 44.86 44.46 46.39 44.32 45.15 49.38 44.29 46.80 47.35 46.14 48.08 45.33 46.47 42.24 44.18 45.64 41.99 46.41 46.76 45.70 45.56 45.65 45.29 44.48 45.45 41.38 40.81 39.85 39.93 43.40 43.44 39.80 38.82 39.92 42.77 39.49 41.22 39.86 42.48 37.86 38.52 40.56 39.42 40.12 37.38 38.71 38.99 37.93 37.13 35.30 38.49 36.89 36.88 39.40 36.75 36.73 37.45 35.96 34.63 35.34 36.61 32.93 34.70 36.32 35.04 32.38
48.36 48.61 48.25 50.08 49.52 49.42 45.32 48.48 48.46 45.21 43.14 47.94 45.27 44.58 47.89 43.38 47.94 46.04 44.74 41.87 46.77 45.64 45.69 44.99 45.06 45.26 43.38 42.18 45.25 39.92 42.92 44.09 39.88 42.40 44.64 42.83 40.07 39.58 40.26 43.57 39.64 42.17 41.98 39.83 41.20 38.05 40.85 37.55 40.43 40.14 36.36 41.01 37.09 35.56 36.38 35.77 36.07 40.17 34.58 34.33 36.96 38.65 37.52 36.06 34.34 37.68 36.69 34.08 34.58 34.75 34.86 36.94 33.05 33.06 37.08 36.66 33.61
