bathy.asc
NCOLS 215
NROWS 375
XLLCORNER 4809000
YLLCORNER 3480000
CELLSIZE 1000
NODATA_value -9999
[rows 238 to 271 of 375, columns 77 to 153 of 215]
66.86 82.56 67.17 71.61 75.09 66.69 68.16 79.52 80.29 68.30 77.22 70.97 83.02 81.20 65.66 72.01 67.66 69.65 80.97 66.16 67.25 81.97 78.94 81.53 77.44 70.84 70.95 73.27 66.22 75.05 66.48 65.91 66.96 75.46 83.07 69.93 84.31 74.80 66.81 80.52 82.24 68.41 74.94 80.57 71.54 83.71 83.10 72.03 78.12 80.50 75.47 68.06 78.86 65.71 84.12 73.86 69.47 73.83 66.05 69.78 78.38 83.01 76.90 77.65 84.95 70.67 67.61 69.34 69.77 75.22 69.15 67.87 72.52 75.67 75.62 68.95 74.53
66.69 71.78 84.35 79.75 69.71 66.89 75.95 75.43 69.82 83.91 70.98 80.62 82.09 80.88 69.97 68.04 83.26 78.61 67.06 75.15 79.96 82.93 65.46 68.55 68.48 73.77 79.30 79.23 80.84 68.48 77.27 77.17 81.00 72.12 78.37 77.03 82.94 69.97 72.97 77.48 69.29 72.18 66.58 66.41 71.91 78.25 73.79 69.31 76.14 76.73 78.71 78.14 75.61 84.17 78.71 84.12 78.17 72.31 65.26 75.50 67.99 67.67 79.53 80.80 72.62 71.65 82.00 83.48 67.27 70.26 71.09 69.69 69.32 70.41 68.96 70.42 70.44
79.12 71.08 65.44 75.24 79.58 84.06 74.27 66.80 76.93 67.71 84.18 74.12 72.50 65.62 82.33 71.44 74.66 65.15 75.65 81.49 79.10 67.38 70.03 83.76 76.67 71.31 65.46 83.06 74.35 79.04 75.27 75.16 77.88 83.01 73.57 81.27 81.86 81.15 84.54 77.76 82.03 84.75 81.15 74.81 84.03 79.00 68.92 76.21 70.06 69.86 66.62 65.54 72.74 78.27 80.36 71.32 72.96 65.56 72.73 79.51 75.44 74.65 83.91 74.22 77.25 68.55 68.12 81.47 77.90 72.10 70.38 67.91 74.55 67.77 71.30 67.10 68.57
76.17 84.25 73.58 74.42 67.88 75.63 70.34 65.97 75.84 81.72 74.79 66.28 84.69 81.73 70.72 84.77 68.76 74.69 74.59 78.95 76.37 70.76 70.57 67.47 71.75 82.11 68.67 74.90 77.32 75.34 73.95 75.89 81.83 76.30 80.86 76.17 66.55 84.12 81.48 80.37 84.29 81.53 65.31 69.31 80.15 81.27 76.81 66.50 65.41 76.67 66.47 80.63 82.30 67.16 71.28 82.27 83.63 82.38 71.78 84.53 72.06 68.72 78.55 83.73 74.73 67.50 79.97 78.92 73.22 81.44 70.42 72.85 71.37 70.09 68.34 66.29 66.46
71.24 82.08 82.26 73.40 72.52 75.44 75.89 75.28 78.44 78.07 80.92 71.33 82.48 81.38 79.96 76.32 77.16 67.32 77.19 72.54 74.64 79.88 77.27 84.21 75.67 67.98 77.64 80.24 65.24 80.91 81.18 80.68 68.77 83.92 76.23 69.01 75.30 79.64 77.80 79.24 73.46 78.61 66.65 71.91 77.69 83.42 80.09 79.10 80.07 67.94 75.71 71.02 73.45 84.86 68.05 72.64 82.14 78.16 82.23 81.74 80.32 67.24 75.89 83.72 84.58 77.45 84.00 77.98 66.43 83.35 74.31 69.49 67.45 74.21 74.56 67.02 73.25
70.16 79.35 65.56 81.04 67.60 80.74 82.93 79.58 70.62 66.79 83.16 75.50 84.86 81.20 71.66 84.09 84.15 79.57 84.58 78.69 83.56 79.46 68.12 69.21 66.67 77.81 79.48 81.13 78.18 79.50 73.57 80.51 69.56 71.95 76.52 81.64 77.04 83.39 75.24 72.55 73.69 83.69 78.39 81.85 71.10 70.48 78.20 68.61 83.29 82.35 82.47 74.86 82.41 77.16 65.85 70.09 67.40 77.39 71.02 68.68 79.99 79.30 79.64 84.56 79.17 72.33 67.83 69.76 78.82 75.23 73.59 76.66 70.33 75.94 75.68 70.84 73.48
75.47 81.50 80.17 71.68 69.49 80.79 83.39 67.81 83.83 71.32 75.86 78.50 83.14 68.80 77.75 77.39 75.02 77.53 66.55 81.40 71.61 77.78 74.86 78.80 67.74 68.59 68.87 69.65 84.97 73.80 79.36 65.57 65.59 82.18 75.44 74.43 68.69 84.09 76.53 71.37 84.18 79.11 78.00 76.10 79.63 70.45 76.07 84.46 81.27 80.27 70.75 78.82 68.46 68.24 77.65 79.01 77.54 83.87 70.52 68.39 74.66 81.68 69.99 84.81 82.77 80.32 68.89 81.02 66.17 70.84 71.03 72.50 67.93 73.69 72.12 66.05 66.14
76.45 71.22 83.09 72.34 77.96 79.14 78.33 73.39 76.15 74.64 77.59 71.01 83.00 70.87 77.30 72.32 74.83 82.84 72.52 69.29 80.05 79.77 68.09 82.23 65.18 78.78 70.15 82.11 70.58 77.10 83.18 76.81 82.53 74.55 66.91 72.73 73.17 76.20 79.32 67.61 83.84 74.43 81.46 67.35 79.85 83.67 81.23 77.97 71.82 80.29 77.48 82.62 78.36 84.35 83.99 72.01 68.13 83.22 81.00 81.50 83.07 74.81 81.91 70.07 76.75 76.73 72.30 77.29 69.02 82.42 69.12 70.17 76.23 69.13 71.56 74.58 70.21
66.77 67.54 68.59 81.47 71.81 82.14 81.55 69.19 71.69 67.59 83.98 69.35 69.20 84.58 77.46 80.06 77.26 69.90 72.28 77.95 66.46 79.03 81.56 67.87 78.21 83.27 78.11 79.05 84.85 70.25 71.37 71.07 70.89 79.34 65.15 82.82 80.43 81.05 79.86 73.33 80.71 67.48 78.31 73.61 78.25 80.99 79.55 76.33 80.95 69.50 69.68 77.16 74.77 66.63 69.52 75.11 83.74 80.73 74.37 65.15 70.24 66.74 79.21 81.77 70.87 84.37 76.28 68.24 67.43 80.73 76.30 75.48 76.71 77.00 70.41 72.00 68.97
67.36 68.19 72.57 84.17 78.30 73.29 73.72 79.58 74.41 66.54 80.55 68.74 80.26 77.77 80.88 78.89 75.03 69.78 81.51 69.22 66.81 79.42 78.93 82.63 75.55 81.60 79.91 69.53 65.71 65.00 71.59 79.28 68.65 65.58 75.87 69.38 71.47 78.30 70.64 80.60 68.79 68.50 69.78 83.48 77.92 74.29 71.30 65.65 77.84 82.73 69.49 82.67 75.52 76.37 78.76 84.46 79.64 70.92 67.46 71.06 69.03 65.72 78.49 72.42 73.48 71.38 74.87 70.62 71.60 70.69 70.44 73.86 71.25 74.96 75.79 70.31 71.51
70.76 79.92 72.60 68.44 78.85 65.99 82.35 84.17 81.35 67.63 81.33 82.44 69.76 67.19 79.74 72.05 70.98 66.86 67.16 72.02 67.48 82.53 66.69 68.42 65.71 81.30 66.71 71.14 74.84 80.78 84.60 71.86 65.55 83.24 74.00 74.59 84.81 70.85 82.13 67.90 70.73 80.55 66.17 73.87 83.77 73.38 82.82 67.49 77.50 70.21 69.37 76.87 67.12 82.23 69.65 76.18 83.42 82.72 70.75 66.63 82.26 68.90 66.09 82.99 78.43 67.98 67.08 81.66 67.92 71.22 78.80 70.11 68.74 76.23 67.71 70.63 66.70
74.38 84.89 80.64 77.96 80.47 74.01 75.87 80.31 68.96 80.16 66.08 66.96 66.76 82.81 65.29 76.31 74.21 72.08 71.16 68.42 78.47 67.53 70.64 65.27 78.34 72.41 77.38 72.92 71.60 81.22 66.79 67.81 79.45 65.10 81.23 67.57 80.21 84.70 81.36 76.32 77.41 71.64 65.49 82.28 81.19 83.76 76.36 66.48 80.19 79.21 80.90 70.84 82.69 77.32 77.63 78.87 83.21 82.70 68.12 82.28 70.72 68.65 66.68 84.77 68.08 67.40 71.57 72.74 79.32 65.69 74.48 70.56 71.64 76.22 75.85 74.72 70.67
67.86 73.65 81.77 70.73 71.39 75.40 71.88 68.69 74.90 80.02 68.01 77.98 72.55 80.22 69.71 79.36 84.77 69.70 68.00 76.42 82.19 68.19 66.66 66.47 84.92 80.45 70.66 79.04 73.69 75.73 65.08 80.00 77.85 75.20 80.32 83.43 84.86 66.86 79.14 77.98 72.65 84.30 84.26 72.15 81.50 66.96 70.75 77.56 75.05 84.83 70.98 75.52 71.37 66.12 76.18 75.46 69.75 72.61 73.24 73.76 80.21 68.59 67.64 73.14 69.17 65.38 75.47 70.81 72.06 79.73 68.49 73.96 68.23 74.86 76.21 68.33 66.08
68.61 76.47 71.53 66.41 70.55 76.60 83.32 82.12 70.10 70.21 82.97 83.82 80.57 68.86 71.47 71.52 81.85 75.38 82.61 69.75 72.22 81.53 66.48 69.45 72.45 79.19 84.09 78.15 82.34 70.36 81.80 66.68 76.59 67.39 66.12 67.43 79.72 78.14 77.71 74.54 72.79 73.15 79.64 76.81 82.84 83.58 84.57 72.50 84.01 79.14 69.29 75.06 71.55 71.33 74.55 81.86 68.52 73.23 84.10 71.30 68.99 68.49 78.59 73.71 73.59 82.64 71.06 66.60 76.77 81.33 73.46 77.82 68.34 77.05 71.22 70.13 68.79
70.10 72.11 76.12 65.00 77.92 66.61 72.33 66.45 65.78 79.16 70.46 71.25 67.68 81.42 84.81 80.51 72.05 70.10 69.52 77.52 65.17 84.99 79.70 66.78 75.04 79.03 80.57 81.16 84.08 73.05 79.32 73.20 69.49 76.20 71.61 75.99 67.52 81.83 77.35 66.22 68.90 67.58 68.57 74.12 66.39 76.14 66.05 65.49 74.72 76.86 66.61 76.07 82.82 71.20 74.21 77.98 83.69 65.92 81.11 71.84 70.19 66.48 77.42 72.93 70.79 69.94 76.97 82.71 72.01 82.73 72.02 75.94 77.61 71.57 72.04 70.02 67.17
80.55 65.07 65.24 76.33 80.69 83.15 67.20 71.54 83.90 78.52 65.37 76.54 65.86 77.30 65.56 73.67 68.74 84.02 72.95 70.59 81.30 83.79 77.52 72.55 73.49 72.14 80.54 81.85 72.65 76.29 65.85 71.14 84.27 75.29 71.11 71.61 78.87 67.52 83.50 66.46 70.13 77.70 83.90 75.23 65.65 72.26 69.78 83.11 82.33 67.46 83.43 76.43 71.63 81.90 71.09 80.66 83.24 81.48 76.69 81.60 78.74 79.13 76.08 71.69 67.21 72.82 72.47 75.28 78.30 78.21 73.59 72.62 76.18 69.89 69.40 73.21 74.37
71.57 80.77 71.51 69.21 73.22 81.01 70.32 76.41 82.38 80.49 70.10 70.68 80.76 78.92 77.57 79.23 73.62 80.93 72.30 69.55 82.75 66.85 75.48 71.26 81.80 68.50 67.90 75.48 83.51 75.54 72.39 66.72 76.44 78.89 73.19 76.45 83.68 70.46 75.00 72.89 75.84 78.23 79.27 82.04 71.60 77.10 76.85 74.71 75.20 65.44 79.08 71.94 84.72 77.05 77.14 80.85 76.56 78.44 76.47 74.99 69.51 72.84 68.64 70.42 77.88 72.01 68.33 70.24 77.28 68.45 75.15 75.48 74.10 69.06 74.05 75.53 66.86
70.30 80.70 73.24 70.16 76.32 78.23 79.72 83.64 70.22 66.21 82.31 84.30 69.68 67.50 71.32 66.13 80.65 73.58 69.45 80.70 76.45 84.83 71.18 84.51 76.14 81.59 65.58 67.86 70.84 68.90 71.95 80.01 74.15 71.60 83.99 77.65 78.96 78.76 80.53 83.01 82.14 65.96 68.31 75.77 71.89 73.28 81.80 79.17 74.72 81.09 76.97 73.07 72.28 75.55 77.36 72.17 77.45 69.07 76.92 74.64 68.63 71.17 74.60 70.07 72.58 72.36 72.48 73.07 68.53 74.22 69.22 69.52 74.94 74.80 76.57 70.70 69.82
77.44 72.11 82.92 80.61 83.33 66.55 72.32 80.14 65.89 66.35 70.00 82.30 67.54 66.85 65.57 72.24 76.43 67.04 74.88 78.52 70.79 84.07 79.65 80.48 70.85 79.94 75.05 75.93 69.82 67.41 73.37 84.82 84.22 71.13 75.92 83.79 70.04 76.89 66.61 76.10 68.49 80.42 71.35 70.88 73.24 70.17 75.45 69.74 71.19 70.44 68.88 70.92 76.36 74.32 69.77 69.92 72.94 73.37 70.32 72.83 73.51 73.58 68.52 76.35 74.33 77.11 69.49 75.30 72.29 73.55 73.33 75.95 67.15 69.47 67.87 68.07 75.65
79.76 67.55 73.51 72.19 82.50 65.12 65.18 82.13 71.87 73.15 68.47 65.52 69.53 78.21 76.25 83.72 84.87 71.09 80.51 75.67 69.40 82.29 71.66 77.94 71.22 82.12 80.34 69.94 79.05 84.95 73.17 78.40 84.39 84.74 79.62 78.01 78.10 70.45 72.78 69.01 72.54 72.20 68.47 68.46 77.93 71.71 73.85 74.40 74.42 74.82 72.78 75.11 68.65 68.79 73.72 74.75 70.16 71.73 71.41 75.19 70.65 76.81 70.97 76.23 75.60 76.26 67.46 68.37 74.99 73.60 68.99 66.19 66.75 73.26 71.60 74.89 68.53
73.59 68.39 76.80 76.74 65.75 73.37 77.96 82.23 81.58 83.95 68.94 70.22 78.72 67.58 78.87 65.19 65.25 80.22 81.58 65.41 69.79 70.08 77.65 76.99 75.30 80.47 82.36 77.70 77.01 69.13 72.33 73.87 75.94 74.08 69.14 77.08 75.60 74.64 74.58 77.32 76.56 72.92 75.11 77.74 73.98 75.25 72.33 69.33 76.54 73.38 74.16 69.28 74.12 71.14 69.53 73.77 75.08 73.17 67.26 74.03 66.75 71.29 75.05 67.36 72.73 72.83 74.10 69.50 74.25 73.33 73.39 72.58 69.10 66.52 70.95 73.26 74.50
75.42 70.29 81.87 74.52 65.07 74.79 73.87 65.87 82.32 66.27 71.47 72.45 79.99 70.57 77.47 83.25 65.04 82.59 74.41 71.86 69.15 73.25 69.20 69.02 74.01 75.31 76.06 73.86 68.76 68.46 74.38 68.55 71.46 75.99 77.09 70.47 77.72 73.44 70.16 76.31 73.99 74.65 68.71 73.34 69.96 73.43 69.48 76.10 74.00 67.61 75.36 73.56 68.72 72.78 74.89 67.46 66.24 74.92 70.20 72.67 68.98 75.14 67.55 74.94 73.92 68.98 65.75 69.27 66.28 69.53 70.62 67.19 71.69 69.41 69.64 71.82 72.47
75.43 77.70 77.33 84.80 77.29 80.05 69.47 82.22 67.01 74.44 77.86 82.56 73.09 72.29 77.30 69.78 77.30 70.45 74.34 68.95 69.33 74.79 70.06 69.73 77.51 75.29 74.13 73.39 68.17 75.22 71.65 72.16 76.80 72.82 71.54 70.35 75.58 75.74 68.00 74.12 68.23 76.40 67.04 73.67 73.15 68.51 68.49 69.35 75.79 74.06 67.90 73.62 71.64 68.12 70.13 74.82 74.78 66.23 70.84 73.99 73.90 71.51 70.17 70.18 74.06 73.40 68.47 73.45 69.08 70.10 69.91 66.32 68.59 65.66 74.08 72.72 67.82
78.75 80.55 70.83 65.21 70.14 73.80 76.23 76.75 71.54 73.33 70.58 70.82 77.58 72.26 78.16 69.13 69.26 77.92 75.32 67.98 75.54 68.09 69.06 74.21 68.80 70.58 68.89 71.97 70.94 72.09 68.17 70.00 74.66 69.78 74.97 75.93 73.15 74.03 67.42 69.56 76.00 68.03 70.10 73.94 69.39 68.55 68.76 68.18 67.19 66.56 67.21 68.30 72.04 67.77 66.59 65.56 68.31 67.82 74.16 74.57 72.42 71.23 68.06 69.86 73.15 70.98 67.37 73.56 71.45 65.55 66.87 66.69 64.00 71.10 70.60 72.03 63.74
73.42 73.80 72.30 77.16 72.15 76.94 69.00 75.23 74.24 76.25 70.82 68.79 74.76 70.04 72.29 72.10 75.96 69.33 72.35 67.66 72.07 69.22 69.54 67.28 68.87 68.60 67.14 68.10 69.54 72.56 69.71 74.15 67.94 75.99 75.57 75.58 75.58 73.28 75.87 68.45 68.22 66.15 71.75 66.60 66.60 73.50 65.31 65.36 67.25 67.91 73.46 71.96 72.65 67.74 71.19 73.62 66.11 66.36 71.39 67.70 69.02 69.49 65.59 68.99 64.76 72.11 72.09 70.10 69.99 71.05 69.54 64.24 65.45 71.64 72.85 66.92 65.51
69.01 72.34 74.62 69.37 69.22 73.84 70.07 69.48 70.44 72.31 68.46 76.50 68.78 70.63 73.75 72.65 67.01 76.55 71.95 72.89 75.46 68.50 66.78 75.11 72.64 69.39 74.49 75.30 72.48 72.69 67.15 69.81 70.08 69.00 71.91 70.78 73.50 65.65 65.89 74.27 73.09 65.95 69.43 74.01 73.29 70.56 74.21 67.12 73.73 70.33 67.04 67.08 70.21 71.46 69.10 73.23 69.35 66.13 64.32 66.63 66.05 72.23 69.66 70.39 72.56 68.74 72.68 67.76 68.36 64.33 69.71 70.66 64.39 63.77 70.44 63.96 70.45
76.95 72.18 72.85 75.87 75.39 68.42 73.56 71.80 75.76 72.05 68.34 70.59 69.11 72.86 72.61 75.79 73.50 72.90 69.60 70.83 68.53 68.32 70.33 71.33 68.69 68.90 74.08 75.50 66.24 71.21 67.21 65.83 68.23 70.65 68.30 69.93 65.13 69.07 73.20 68.42 73.58 72.46 72.45 74.13 66.06 67.44 65.80 68.52 69.92 70.47 68.06 64.78 73.56 66.49 68.23 69.39 67.29 67.44 66.14 64.07 70.51 63.69 69.48 67.81 65.31 64.32 70.41 72.16 67.40 64.91 63.09 69.90 67.23 70.50 69.73 69.82 66.36
76.87 68.08 73.89 67.35 74.02 68.17 73.14 72.19 67.80 71.44 66.35 70.17 71.33 68.10 68.88 71.43 73.60 72.03 74.80 67.73 73.03 69.32 67.44 67.51 72.37 68.35 70.92 65.69 72.10 72.52 67.83 72.61 67.46 72.37 73.44 66.24 65.53 69.21 64.58 69.39 73.20 65.39 65.29 65.86 70.14 71.78 66.02 73.34 72.31 69.65 64.03 65.77 64.55 72.09 63.38 69.55 65.68 69.79 69.23 65.67 70.43 63.05 68.60 68.83 72.04 63.21 63.72 64.77 62.89 69.03 70.26 65.92 67.14 68.28 62.97 62.05 62.62
71.83 66.53 71.84 69.35 68.53 75.17 68.66 73.79 67.63 73.15 66.64 70.55 70.42 74.61 73.34 66.19 66.50 74.46 73.58 65.55 69.66 73.77 72.46 71.23 74.64 73.61 73.23 69.80 68.04 64.65 71.62 65.87 69.45 69.70 64.07 67.16 69.67 63.75 64.68 67.32 69.25 70.51 68.53 65.71 63.83 66.93 67.83 68.57 66.63 64.24 71.97 68.94 66.60 71.48 66.06 68.44 69.41 63.11 68.59 70.80 66.02 71.34 69.45 63.33 69.64 70.38 70.15 67.93 70.19 70.59 64.58 67.84 63.78 67.38 63.90 70.66 64.86
74.99 74.96 67.25 70.40 71.29 67.08 69.47 67.50 74.69 67.45 71.95 68.45 69.83 72.91 70.04 70.54 66.18 66.86 71.35 69.60 71.22 67.09 73.00 72.34 68.73 72.89 67.94 65.71 66.73 67.34 71.50 70.54 70.41 68.18 67.36 66.46 72.81 65.99 70.16 69.24 68.02 63.16 68.96 68.64 66.67 62.53 64.25 70.09 68.24 64.71 65.75 68.60 62.01 69.86 68.81 69.70 63.98 70.19 67.96 66.41 61.64 61.83 71.11 61.97 65.92 67.31 68.57 61.20 66.44 64.06 67.68 70.06 60.64 66.52 63.65 67.16 62.77
68.96 66.00 71.76 69.22 67.28 68.25 68.95 66.29 66.59 71.75 74.03 69.04 68.44 65.48 67.36 64.39 70.97 69.61 64.38 67.78 69.93 68.96 69.27 72.19 67.81 66.06 68.37 67.21 72.18 65.51 70.06 69.59 66.23 63.66 68.04 64.32 70.72 69.91 70.23 65.11 71.22 72.11 64.10 64.03 67.67 70.44 65.22 67.21 66.45 70.67 67.03 70.12 70.57 71.03 62.93 68.63 67.13 61.65 64.63 67.77 67.78 63.48 62.57 66.61 70.12 62.23 60.97 65.09 66.71 61.05 65.70 65.59 59.89 60.13 69.38 59.81 66.39
66.62 67.45 69.38 66.03 72.63 73.81 71.58 68.49 68.38 72.44 69.84 70.59 64.59 64.79 64.16 66.79 72.73 67.17 65.05 63.32 64.35 64.23 69.20 72.58 67.48 65.83 66.12 63.44 68.22 72.57 68.04 64.29 67.79 63.26 65.11 71.31 69.05 65.20 69.35 62.15 67.67 67.75 71.19 71.11 66.78 62.09 67.26 63.77 69.96 63.66 66.98 63.32 70.64 64.96 67.85 68.78 69.22 63.34 67.53 65.48 65.35 68.92 62.31 61.28 68.41 64.32 65.12 67.01 68.64 62.83 62.62 65.10 64.50 62.70 59.64 59.70 64.65
68.05 72.79 64.73 69.87 70.51 72.23 64.21 66.32 69.68 72.97 71.54 72.09 66.77 63.66 70.22 63.91 69.43 65.73 63.49 66.34 71.08 63.18 64.08 63.43 70.25 71.55 64.70 69.80 71.64 63.69 63.22 70.33 69.66 70.02 67.52 63.69 67.45 63.26 66.42 66.72 64.67 63.63 61.82 66.05 70.77 70.18 65.43 69.19 61.61 64.95 62.59 67.63 66.79 67.10 63.79 60.23 63.71 64.63 69.77 68.47 61.43 60.66 64.90 67.04 64.71 61.05 64.08 66.88 65.59 64.34 67.43 66.21 65.73 62.06 62.30 58.58 66.18
68.33 73.40 70.52 68.56 70.56 67.28 69.37 65.19 63.58 69.85 71.14 66.04 71.22 66.67 62.62 64.60 67.91 62.87 67.21 70.64 69.34 66.51 69.58 71.08 66.36 69.91 70.00 61.94 62.76 71.09 64.84 69.75 62.55 68.30 67.67 67.38 66.15 64.20 69.37 64.57 60.99 63.04 60.74 69.03 66.43 68.25 67.91 69.63 63.95 64.68 61.78 63.96 63.04 63.04 59.95 66.82 64.48 65.29 66.42 64.54 65.01 62.90 60.62 68.12 64.06 64.89 68.46 60.27 65.55 63.41 64.54 58.22 63.44 65.14 65.07 64.10 67.34
