bathy.asc
NCOLS 215
NROWS 375
XLLCORNER 4809000
YLLCORNER 3480000
CELLSIZE 1000
NODATA_value -9999
[rows 68 to 101 of 375, columns 0 to 76 of 215]
73.62 68.71 66.97 82.60 84.65 80.39 68.56 81.22 83.33 76.32 82.45 65.22 71.59 82.26 80.51 74.64 83.77 67.12 67.53 68.71 71.92 67.03 80.27 75.61 78.59 82.82 73.84 67.08 81.34 67.04 72.13 66.25 85.00 67.32 66.27 77.94 84.15 71.06 74.85 78.53 81.47 66.27 72.13 81.08 65.63 69.72 66.72 71.94 76.27 72.52 68.32 80.49 78.52 66.50 69.14 75.72 67.30 79.92 79.62 68.91 65.02 75.40 67.82 67.48 66.87 77.21 67.11 81.90 71.52 80.28 65.27 78.79 67.60 78.17 71.49 79.05 78.80
70.47 72.27 81.21 69.73 72.10 67.73 81.54 81.12 68.26 69.23 65.69 72.84 78.90 81.91 70.33 81.21 79.34 71.42 69.75 65.59 75.40 79.92 70.95 66.02 78.29 80.26 77.22 84.05 84.56 72.91 84.26 77.61 76.10 65.48 82.61 78.83 70.14 81.21 81.76 67.88 79.33 75.12 84.15 77.58 75.00 73.74 79.25 78.82 73.96 66.31 65.43 65.51 75.32 75.86 75.88 75.56 77.54 66.84 70.69 78.35 81.87 71.94 68.05 67.15 68.23 73.56 69.27 77.11 69.78 75.57 78.81 76.76 68.29 83.44 71.69 77.65 66.70
80.94 74.23 83.99 77.58 77.10 68.13 76.62 78.37 82.79 82.46 68.45 75.37 74.98 72.09 66.08 78.65 76.65 77.33 80.81 78.96 80.33 72.95 68.25 65.73 73.65 68.00 72.22 77.68 78.57 79.16 72.40 67.56 66.32 77.57 71.25 76.39 80.80 81.37 74.76 70.43 70.88 82.77 71.67 78.16 68.27 82.59 65.84 65.67 70.14 83.24 73.04 72.11 79.66 74.73 72.77 72.63 69.51 77.13 68.33 77.65 84.63 71.46 70.99 71.55 83.78 72.39 81.97 80.37 82.43 81.57 67.66 78.10 76.11 82.96 67.74 75.33 75.80
68.69 82.85 71.95 76.13 74.55 72.32 69.81 80.41 67.01 84.41 74.52 69.25 76.86 81.63 78.47 65.06 67.12 76.05 65.02 74.90 70.27 68.89 72.12 79.44 69.75 65.16 79.13 83.07 75.20 71.34 71.41 79.54 68.23 77.95 78.76 65.80 66.82 80.73 67.63 65.02 80.70 77.98 77.03 78.48 76.69 84.68 67.09 71.28 72.32 79.39 82.36 83.93 79.75 71.76 67.30 74.17 73.04 71.48 81.78 83.43 68.38 71.52 83.56 72.88 79.15 79.37 77.78 70.65 71.55 76.28 84.35 81.41 74.50 68.93 84.48 71.06 77.92
75.92 80.70 73.96 75.03 68.44 74.00 70.28 70.03 70.51 67.31 76.82 65.36 75.72 76.70 75.18 81.26 68.40 72.21 71.36 73.75 69.77 74.12 65.12 80.25 78.03 82.00 81.54 68.36 77.06 73.53 65.16 68.44 77.82 82.34 67.95 78.66 81.63 68.40 83.37 72.51 75.88 73.22 71.12 68.79 82.37 84.54 74.23 78.69 79.83 65.23 77.07 78.30 83.05 78.48 73.86 82.40 71.98 81.34 75.00 75.83 76.18 78.18 65.30 81.84 71.41 77.20 81.12 69.52 66.16 80.16 70.28 75.29 80.01 66.82 67.36 73.78 84.27
73.68 84.47 74.77 81.03 79.70 72.07 70.97 73.93 78.94 70.15 84.13 68.00 80.26 79.16 78.75 79.84 77.11 81.98 66.57 78.33 72.89 72.69 81.56 84.87 76.14 82.30 76.56 81.42 82.46 75.48 74.65 78.36 67.61 68.91 70.47 66.45 67.20 73.73 81.07 82.83 82.15 76.46 81.24 66.50 71.38 73.52 76.00 77.32 77.42 77.15 82.90 70.64 73.67 71.12 83.16 78.02 72.82 79.72 81.46 69.90 74.46 78.44 71.63 74.20 80.84 71.02 74.77 68.76 77.75 68.93 84.15 70.18 84.20 80.96 68.59 82.15 83.46
68.54 72.43 73.78 84.49 71.30 81.36 82.64 77.11 82.55 74.16 70.37 84.48 83.29 74.36 76.90 80.08 67.14 69.87 71.71 83.26 69.48 66.31 77.03 83.55 66.78 65.61 76.64 79.82 82.89 81.13 67.93 79.31 69.70 71.63 81.42 67.28 66.67 74.82 67.67 71.75 82.64 83.10 74.18 78.68 66.24 70.39 81.15 79.81 73.40 80.11 66.43 72.65 77.13 81.93 80.19 74.90 74.18 83.43 69.33 65.71 73.12 84.87 67.25 83.27 67.10 72.66 78.03 81.74 69.51 67.71 75.86 84.42 74.04 71.51 77.32 73.66 79.45
78.23 81.46 84.93 75.08 75.41 83.71 73.08 69.07 84.68 74.23 68.39 66.54 76.29 84.32 81.13 77.33 77.03 81.61 78.30 77.63 65.37 69.64 84.51 68.54 76.35 74.30 65.69 77.49 73.40 77.18 79.13 74.38 70.99 82.54 79.24 84.02 78.36 68.18 68.19 74.73 71.08 80.59 72.55 71.89 77.74 81.15 83.44 74.25 78.73 65.82 74.51 70.22 74.74 66.73 73.12 72.73 81.07 70.96 80.17 73.59 73.38 82.60 75.85 74.28 71.74 67.11 69.61 80.41 77.74 74.08 66.88 67.02 65.84 84.59 77.56 83.04 82.60
75.42 74.41 83.21 83.89 77.57 78.87 79.00 69.64 81.03 65.86 81.89 74.37 66.21 68.98 70.63 71.78 72.51 84.91 76.76 82.28 83.56 75.72 74.92 69.00 66.60 80.83 73.00 81.04 73.70 72.11 81.62 79.22 78.20 72.41 66.57 73.56 78.50 79.51 81.81 79.85 68.65 67.27 69.38 71.65 68.88 75.44 71.61 67.21 82.23 83.11 82.07 80.50 68.25 74.88 76.29 84.95 72.52 78.57 65.27 68.38 78.63 67.62 80.32 80.76 75.12 69.29 68.98 73.46 66.53 71.37 71.33 84.09 72.44 65.37 70.93 72.66 70.90
80.10 67.76 80.16 66.51 74.21 78.45 74.66 82.98 65.67 77.92 73.57 75.12 72.73 79.71 79.69 75.80 68.30 69.21 73.74 81.91 73.14 72.70 83.07 81.15 71.10 75.79 75.06 70.48 73.08 79.31 70.55 76.65 68.72 76.96 69.23 84.06 67.88 82.88 73.96 81.29 66.86 81.75 80.89 71.53 70.63 67.41 75.73 70.55 69.05 80.53 72.00 67.40 81.57 74.82 79.63 84.67 71.65 65.55 65.75 78.66 79.30 84.52 68.07 67.30 67.19 78.67 84.60 72.68 77.67 66.18 66.52 70.27 73.91 67.52 73.42 72.48 70.11
75.37 83.27 72.03 66.07 65.42 74.86 71.68 75.96 81.67 77.94 70.46 65.51 82.64 83.71 71.98 65.36 81.56 71.30 67.09 74.02 73.56 77.77 65.61 66.38 81.00 72.44 83.71 81.47 82.15 72.46 81.83 77.06 82.05 82.08 82.74 77.90 82.86 80.90 80.87 83.68 70.95 70.67 75.16 79.24 66.23 75.32 83.46 79.95 69.25 76.44 77.50 66.28 73.75 83.18 69.48 79.43 83.47 71.99 77.20 74.13 72.54 68.71 72.62 77.97 74.08 70.64 65.34 77.40 70.41 67.94 84.22 84.44 77.90 84.03 70.92 72.48 83.77
66.06 67.26 66.89 72.29 73.25 75.08 72.73 83.14 68.47 80.12 73.09 82.99 68.42 78.80 81.92 76.54 65.86 77.68 81.36 81.32 69.63 72.02 67.86 74.89 77.47 84.97 73.33 70.76 66.62 69.52 78.84 83.08 69.07 78.42 65.08 65.67 72.00 76.71 70.27 71.93 69.88 68.66 78.63 69.06 78.01 69.36 81.94 69.20 76.14 69.35 77.86 83.30 82.33 78.84 83.21 67.83 77.76 73.58 80.17 68.33 66.26 77.69 78.93 67.32 76.62 78.05 72.69 68.64 82.32 68.14 78.85 73.29 84.20 73.24 77.92 83.94 72.14
84.36 83.47 80.29 83.98 67.58 84.93 82.95 78.98 71.72 81.23 76.74 66.92 82.03 68.37 78.45 66.91 67.40 76.39 79.60 77.64 81.19 79.99 78.16 65.74 81.29 66.62 66.68 67.42 80.64 80.14 66.86 69.86 82.00 68.48 70.61 81.91 81.89 79.06 71.58 77.82 67.13 82.27 74.89 72.43 78.69 67.03 69.88 75.99 81.71 82.72 74.14 76.69 83.95 73.56 65.36 83.38 79.01 85.00 75.79 77.83 79.39 66.77 69.50 67.86 69.62 83.32 74.55 72.52 74.83 83.99 77.91 66.35 78.74 81.97 69.57 69.49 84.35
71.61 75.13 68.23 83.31 74.61 70.57 70.56 81.47 65.37 80.21 68.00 68.12 80.02 79.37 82.33 77.43 83.34 74.54 66.90 68.45 80.29 75.44 67.98 82.97 79.19 71.78 77.42 78.02 67.24 81.50 66.59 69.06 72.31 71.65 67.67 65.89 71.51 80.24 66.96 83.66 69.28 78.36 69.52 80.15 84.86 71.80 69.80 75.01 85.00 77.01 84.57 77.21 77.46 72.47 70.39 70.61 84.33 69.78 76.14 66.00 79.06 79.62 70.45 83.67 72.21 75.58 75.84 76.85 72.12 76.01 80.38 73.96 83.12 69.50 75.01 70.86 72.54
71.51 82.78 70.26 84.97 81.27 71.09 76.00 82.57 80.29 65.98 76.81 73.58 72.31 74.72 70.73 68.27 75.18 70.09 75.42 67.41 83.62 81.83 81.71 69.71 66.85 75.63 81.15 76.87 84.16 83.71 72.83 79.16 78.52 74.30 70.42 79.35 68.02 74.08 74.48 81.05 80.97 69.06 83.65 78.65 67.97 70.75 70.92 72.31 81.73 75.52 80.85 84.94 71.31 78.78 83.09 66.87 65.27 84.91 67.24 75.51 72.01 75.35 65.41 72.39 77.22 67.61 70.11 68.27 81.01 68.14 70.90 81.90 67.75 73.73 80.09 77.62 66.36
65.60 76.37 66.67 71.37 79.08 74.32 71.74 81.34 72.99 68.37 66.58 80.25 68.76 70.07 70.57 74.16 67.37 68.60 80.95 68.50 79.79 79.28 80.56 75.32 74.00 83.96 70.27 73.95 79.98 75.36 71.57 69.63 75.80 70.10 73.77 72.66 79.32 72.38 69.73 68.45 80.99 77.49 72.95 75.73 73.23 67.23 78.77 71.64 74.51 84.64 69.32 82.94 70.57 75.76 67.57 74.40 71.80 75.66 82.15 77.37 72.97 84.73 68.87 78.05 80.55 77.17 79.57 65.45 65.01 77.96 76.77 72.13 74.46 79.79 83.98 83.59 71.17
66.26 84.24 70.17 72.09 69.24 68.90 83.93 69.95 77.03 73.72 76.58 81.57 78.04 65.23 69.33 74.99 79.93 73.91 79.79 75.25 71.74 66.77 71.12 66.91 69.54 82.37 83.08 71.22 66.20 68.49 75.21 75.79 75.25 68.43 66.46 80.36 75.65 84.74 70.74 84.33 69.87 66.65 77.10 68.83 68.60 66.53 79.24 69.27 84.31 68.25 77.70 72.03 68.19 76.41 78.21 80.94 80.61 68.46 80.37 82.73 65.53 73.16 84.78 67.78 84.71 80.03 67.70 68.87 69.08 69.67 77.39 83.12 74.80 66.71 82.80 72.39 84.27
79.86 84.59 66.23 70.92 81.46 81.82 72.94 77.31 82.82 68.51 81.23 74.50 83.07 69.68 67.85 78.52 80.39 74.58 81.65 67.45 84.46 79.35 84.29 82.88 74.61 81.54 68.53 80.13 79.57 81.97 68.44 67.03 79.25 72.88 65.98 73.25 79.55 79.78 67.11 69.71 66.68 71.02 81.49 65.76 76.21 79.71 77.99 72.06 67.15 66.69 71.04 78.22 78.81 69.30 71.13 68.89 84.80 66.39 76.17 80.40 71.17 69.93 77.65 78.90 80.91 80.76 69.75 70.85 78.71 81.01 78.64 83.02 76.56 66.32 70.31 65.48 78.23
66.18 80.39 67.49 73.99 81.97 77.72 81.30 69.82 83.49 79.42 68.44 65.91 74.98 71.95 72.53 82.45 74.17 78.22 81.30 78.03 65.42 73.87 77.64 80.70 66.94 70.67 66.31 71.20 72.11 83.71 72.12 76.51 81.91 70.95 80.49 84.27 75.68 78.95 74.50 79.92 77.82 74.55 67.91 72.29 84.24 69.08 65.23 83.40 81.43 81.42 77.27 72.54 81.23 80.82 65.57 84.88 77.95 84.67 84.86 83.36 82.48 66.27 81.46 74.48 75.63 70.57 65.83 84.13 78.40 69.28 65.50 81.68 79.41 83.38 81.77 82.99 74.64
69.02 74.60 78.95 66.56 69.06 75.01 82.73 75.21 83.46 74.38 69.31 69.24 65.55 81.80 76.13 74.69 69.73 76.76 66.48 77.01 69.32 67.77 67.23 81.02 68.44 75.01 74.17 81.48 78.52 69.45 84.56 67.66 67.99 69.89 75.38 82.98 67.92 70.49 84.75 83.84 65.75 77.17 70.13 75.76 79.47 65.46 67.18 83.63 81.66 70.57 76.85 72.54 75.18 66.04 81.93 74.87 71.23 69.12 82.30 75.40 81.41 74.21 68.88 80.59 70.83 65.65 83.39 69.00 68.09 72.14 74.03 81.44 68.20 70.17 67.77 72.97 82.68
68.85 84.60 83.83 82.28 70.68 70.43 69.41 71.65 82.77 83.93 72.01 82.30 72.06 74.87 65.86 72.48 79.12 75.44 81.03 78.83 68.21 76.83 69.13 74.14 66.74 70.04 72.22 73.13 72.09 68.93 83.85 74.03 65.88 66.52 69.44 84.91 79.42 82.61 84.90 72.15 72.39 74.47 84.14 66.90 74.82 68.08 73.21 79.18 71.76 73.43 74.71 78.96 80.65 73.33 72.45 83.39 79.03 70.57 82.75 80.37 73.58 68.04 83.78 73.42 70.84 77.34 81.91 80.67 69.96 73.45 81.47 65.16 65.64 69.38 84.77 82.22 66.03
67.99 78.10 79.59 65.26 73.58 65.37 73.08 83.47 72.07 66.00 65.22 70.23 69.28 83.96 68.07 76.67 72.19 74.28 72.51 79.46 83.69 84.64 67.17 80.57 73.13 70.58 66.91 74.44 73.93 81.49 75.57 65.19 76.23 66.84 66.26 71.51 66.26 73.84 80.78 71.27 79.44 65.06 83.88 80.88 78.39 71.56 78.53 78.16 73.68 83.21 72.42 72.71 84.78 69.34 71.19 84.93 83.70 65.85 73.23 79.44 78.80 76.00 82.22 72.32 69.56 77.44 70.94 68.87 81.48 81.20 74.07 65.49 82.54 84.35 66.12 82.03 69.02
67.97 72.91 82.44 65.56 65.00 70.56 75.05 84.63 79.64 81.77 68.96 71.97 66.46 74.82 65.93 70.73 72.72 72.71 75.99 75.86 77.04 74.96 84.98 67.61 67.02 73.25 70.61 79.39 71.48 75.33 76.76 72.80 83.93 83.66 84.96 72.95 77.75 65.95 79.49 81.42 71.40 81.51 69.04 80.19 74.52 66.41 80.61 72.18 84.92 69.82 80.07 83.17 77.65 66.40 79.95 71.63 68.52 83.84 83.12 69.27 67.65 80.11 68.73 65.38 70.94 81.25 79.73 65.32 78.00 76.19 75.19 70.51 70.54 70.17 79.69 78.05 70.29
66.37 67.13 81.18 75.37 71.01 82.39 82.58 71.89 77.82 75.88 79.38 68.34 68.89 70.08 66.70 83.14 80.49 70.31 74.09 82.95 65.25 80.97 78.70 67.87 81.18 84.80 67.61 80.39 72.33 70.21 68.71 78.10 79.40 70.05 80.35 73.86 78.14 78.70 72.93 71.31 76.67 67.25 84.04 77.92 80.41 76.04 70.45 68.35 67.40 73.86 78.99 82.73 69.30 73.26 73.10 84.10 80.60 83.21 79.31 79.25 66.18 65.17 73.26 81.31 67.55 70.54 69.57 77.61 81.22 82.17 70.28 77.54 83.18 81.29 82.45 76.31 71.27
68.27 70.00 70.72 80.90 74.49 76.26 66.32 83.25 68.66 73.51 82.92 80.32 74.26 77.56 73.00 67.91 71.02 71.28 79.14 75.57 65.34 75.04 67.08 65.63 77.67 78.91 84.72 68.21 80.21 78.25 66.08 66.08 69.80 76.61 79.91 73.40 75.65 77.34 68.49 81.54 73.96 65.47 67.46 76.66 74.56 73.98 82.22 78.98 79.13 69.39 66.58 72.23 66.33 75.01 81.01 69.99 83.17 76.35 70.44 66.92 75.54 65.51 72.34 68.47 78.24 79.17 81.13 81.34 68.74 79.10 83.17 84.13 74.48 71.98 67.58 82.45 72.94
69.94 67.50 71.86 75.73 82.10 78.63 65.95 76.87 73.88 66.27 66.76 71.96 75.42 75.26 70.78 68.75 84.83 68.99 83.20 75.59 74.23 68.59 80.29 78.09 79.87 78.04 74.20 69.63 78.13 79.61 82.53 81.38 78.91 67.94 73.00 76.01 70.01 82.30 73.16 73.17 76.76 83.98 68.00 77.37 69.24 75.44 84.45 83.42 71.53 68.64 74.19 73.31 82.90 69.42 65.41 76.98 70.41 71.05 68.99 77.72 70.53 76.75 68.61 70.08 80.98 67.87 83.01 70.72 80.95 78.48 75.42 65.45 72.96 76.82 84.62 84.10 68.39
76.62 78.22 75.39 76.22 65.47 71.23 84.60 75.62 74.04 80.25 78.60 79.23 74.50 72.02 79.91 76.10 72.93 82.28 78.51 78.05 71.40 79.59 70.23 67.55 75.03 72.52 74.61 84.82 69.49 70.63 65.13 72.92 78.57 74.44 75.27 77.81 81.81 70.89 67.18 82.84 67.73 70.98 75.50 70.10 82.73 75.75 74.47 83.02 78.19 74.65 68.49 73.31 67.51 78.01 82.20 75.41 80.79 82.70 76.18 69.24 66.35 78.82 74.32 68.53 75.02 66.76 65.66 80.66 78.44 78.06 72.05 74.93 74.05 68.43 78.23 73.75 75.10
79.66 70.68 68.50 78.66 65.15 68.87 80.90 66.22 70.62 72.11 73.58 68.26 79.61 65.40 83.27 67.48 71.44 72.66 84.42 65.26 77.99 71.00 76.00 66.06 79.37 66.70 67.92 78.60 80.81 83.53 82.16 76.88 68.66 69.20 65.57 84.08 82.06 69.91 80.34 76.27 76.94 77.18 76.81 75.08 68.93 70.66 74.77 80.34 66.18 65.64 69.50 74.18 83.91 66.34 75.30 84.58 65.65 66.52 81.04 74.04 75.90 72.83 76.44 80.05 66.91 77.15 75.89 84.31 77.12 71.45 71.40 81.86 80.00 68.41 75.61 65.57 73.71
82.71 83.02 71.10 69.09 75.93 65.94 72.65 72.74 83.19 79.43 69.74 72.81 78.07 76.13 65.37 65.52 77.87 80.09 76.82 69.85 80.05 71.00 79.01 69.30 82.53 71.50 78.34 74.64 82.01 71.26 78.88 82.95 65.58 80.75 71.75 65.69 67.42 77.74 77.25 65.48 73.50 66.38 76.00 66.98 68.56 74.48 65.15 67.44 65.29 84.09 67.39 71.30 67.61 81.78 69.48 84.10 71.63 73.75 71.88 78.33 78.93 78.96 75.15 72.26 70.62 72.16 77.04 69.83 75.60 73.60 71.34 68.24 69.36 66.15 72.18 68.43 68.76
71.72 69.68 69.80 65.22 70.29 75.96 77.47 81.81 79.70 75.28 74.00 78.66 66.77 72.02 69.94 78.54 69.29 76.57 84.61 67.37 67.49 84.73 69.13 67.06 75.30 70.67 74.17 73.48 65.90 76.45 80.74 83.72 69.39 70.59 71.19 76.82 83.19 72.26 82.56 65.42 80.24 84.92 78.75 71.73 67.18 71.82 79.68 67.70 83.20 68.97 65.29 67.11 66.23 72.51 70.71 81.83 75.13 77.65 74.12 72.71 66.21 72.61 79.47 78.05 68.64 77.44 78.08 65.95 77.62 84.69 74.53 70.80 67.25 67.55 73.05 65.65 72.86
66.30 77.19 83.33 77.76 84.98 66.47 74.65 81.07 71.29 74.30 65.66 82.01 74.92 74.05 79.82 81.01 65.09 81.10 67.10 67.62 66.93 65.40 79.78 71.40 67.55 79.37 81.91 78.94 71.05 78.46 66.55 70.50 71.41 71.79 84.66 73.56 77.33 65.46 80.72 67.43 76.83 84.38 72.56 84.49 65.90 70.96 81.54 72.77 69.97 74.09 71.01 66.29 66.99 67.85 66.26 79.51 82.16 82.15 72.60 81.75 79.52 74.68 75.15 67.85 70.01 78.73 72.30 77.19 84.18 71.56 84.25 71.29 67.10 82.98 82.19 72.94 69.01
78.65 73.61 75.51 68.61 78.11 66.87 65.60 72.11 81.35 72.87 70.77 74.89 72.29 72.20 67.19 70.64 71.93 77.51 65.55 65.27 73.07 70.60 71.94 74.78 78.71 72.02 68.36 72.66 74.59 70.60 66.65 82.93 65.86 81.92 70.99 76.85 70.33 74.25 84.40 69.70 73.81 74.82 77.81 82.31 67.12 70.66 79.48 71.60 80.78 77.07 65.23 81.18 80.43 73.40 79.02 66.71 80.49 72.31 71.29 71.69 67.09 71.35 80.52 70.89 83.78 77.92 84.25 84.28 76.74 77.85 83.12 82.99 74.15 75.60 72.49 73.82 77.24
80.89 71.25 71.76 80.04 75.43 67.13 74.09 79.06 75.19 82.06 84.08 74.78 70.47 75.27 79.33 79.94 78.59 81.70 72.01 78.62 75.28 84.91 81.63 66.25 72.99 67.22 78.32 65.46 65.69 81.90 74.50 78.64 80.20 72.73 68.50 66.26 78.43 80.63 73.29 68.52 75.96 75.83 72.43 71.30 82.19 76.37 66.75 74.45 77.92 83.24 74.65 68.43 66.49 77.95 81.33 73.84 83.83 75.30 83.38 74.37 81.11 72.41 77.22 73.49 81.52 84.70 76.80 83.09 76.74 73.10 76.46 81.12 80.65 78.76 74.80 84.50 74.61
80.60 83.54 74.64 78.33 83.91 72.53 83.38 76.69 78.29 66.97 75.99 69.74 81.91 73.51 81.47 67.82 75.53 79.09 70.91 80.61 79.45 70.50 72.40 70.76 67.60 65.11 71.12 66.78 65.46 82.11 84.22 66.67 75.11 75.68 83.84 73.98 80.25 68.65 69.22 80.21 78.54 79.27 82.40 80.58 65.16 67.37 78.03 80.05 77.61 69.48 79.53 74.38 73.97 68.46 67.13 77.62 77.60 71.36 70.16 66.87 67.06 83.07 69.78 71.97 72.26 75.91 74.74 72.05 69.30 80.85 78.37 77.43 69.73 67.10 73.42 81.62 76.11
