bathy.asc
NCOLS 215
NROWS 375
XLLCORNER 4809000
YLLCORNER 3480000
CELLSIZE 1000
NODATA_value -9999
[rows 204 to 237 of 375, columns 77 to 153 of 215]
84.76 66.21 66.87 84.13 76.05 69.70 68.14 80.68 77.43 70.56 67.00 84.71 66.77 74.40 73.42 71.29 69.31 78.29 74.18 84.15 79.57 68.02 70.86 80.23 66.17 78.18 68.19 68.19 67.81 80.28 82.00 68.15 72.15 79.73 74.32 66.13 84.95 75.96 80.09 73.88 75.22 65.47 65.94 84.23 79.98 68.34 72.43 68.59 69.69 65.21 78.06 78.32 73.75 70.49 78.58 67.61 71.05 72.35 76.45 79.21 84.00 83.60 77.02 77.54 77.17 74.12 75.66 67.22 68.40 71.70 69.12 65.33 67.39 71.62 70.42 67.89 67.26
78.27 73.99 75.47 78.46 73.24 72.45 83.50 67.70 74.41 76.69 81.43 65.36 65.86 80.31 71.63 80.91 66.97 84.77 68.05 79.66 77.38 82.18 83.36 81.61 81.37 82.05 82.40 70.51 74.04 81.26 68.38 80.02 80.55 72.32 76.22 71.75 79.67 77.55 80.50 68.45 66.00 72.08 76.33 77.76 75.47 82.76 82.23 76.46 75.34 77.79 67.85 77.77 83.57 71.59 69.23 80.57 66.56 83.74 77.32 79.63 76.30 73.25 70.41 84.03 74.35 77.36 71.24 71.55 69.14 71.05 74.21 67.44 66.09 69.93 69.61 63.24 70.15
66.96 76.06 70.69 81.35 77.10 71.00 70.82 65.92 75.80 82.61 82.01 78.03 65.17 72.98 74.69 75.97 69.88 70.92 83.90 69.25 83.63 71.97 79.25 78.99 77.34 72.15 72.83 67.33 83.50 81.44 68.21 68.61 65.62 73.79 66.56 65.63 67.02 75.99 70.30 77.60 75.02 67.49 79.02 66.85 73.59 68.72 81.11 67.42 78.00 77.23 70.07 71.72 78.82 82.69 71.07 66.48 74.16 78.93 83.67 74.35 80.79 67.38 84.13 68.74 65.13 68.70 71.68 70.03 69.15 75.60 72.06 71.15 67.95 65.90 64.51 69.71 62.65
81.98 81.73 72.67 67.36 65.30 76.51 68.43 69.08 71.94 80.54 68.84 78.82 79.42 83.69 71.52 70.26 82.76 84.24 78.74 79.30 71.19 78.57 79.78 65.73 72.55 71.32 76.37 80.16 84.58 82.65 71.31 74.79 84.23 74.57 74.48 80.06 69.15 66.63 77.23 71.33 83.23 83.44 66.47 82.55 80.06 79.67 68.45 69.86 75.75 75.72 76.93 71.81 74.63 71.28 69.99 77.33 77.16 78.03 76.51 70.49 82.50 67.16 65.41 78.79 71.92 74.04 72.71 76.92 68.75 68.33 74.84 72.16 70.52 68.99 70.72 71.56 63.98
78.78 77.73 72.00 69.65 66.20 71.52 81.95 76.00 70.87 84.53 77.51 67.83 76.49 84.54 66.92 84.64 74.82 70.56 68.81 80.78 75.40 76.47 81.38 65.80 69.48 76.31 79.70 70.71 74.53 82.37 66.87 72.10 82.26 69.76 83.22 82.50 65.03 81.36 81.56 79.91 66.32 75.16 83.66 81.05 83.41 79.73 66.80 78.22 66.85 84.74 72.81 76.63 82.44 83.50 75.22 69.68 83.83 81.96 82.10 78.41 77.21 72.80 74.68 75.07 80.41 74.61 77.63 73.69 76.56 71.91 71.96 65.06 65.23 68.10 64.31 62.79 64.63
71.86 69.46 84.14 79.13 66.66 71.29 70.79 75.63 76.37 82.69 83.04 71.53 68.28 84.61 68.88 78.54 73.48 70.40 65.55 76.51 70.24 81.78 70.85 76.02 67.34 65.83 76.70 70.74 69.93 80.79 66.81 66.21 76.27 79.52 79.67 84.36 75.96 71.22 75.60 67.67 76.58 68.49 67.56 82.88 78.72 74.82 83.88 78.44 76.22 81.75 84.36 79.89 70.87 67.52 65.48 79.36 72.01 80.89 80.15 75.00 66.84 74.81 66.32 78.56 73.62 76.31 76.65 68.02 76.24 72.38 66.44 67.91 73.92 70.09 67.92 72.14 62.33
79.88 67.93 81.92 72.92 80.27 69.08 74.20 81.10 80.50 76.92 72.45 81.20 76.61 67.36 77.91 72.54 79.78 76.91 79.42 71.27 82.14 83.88 78.38 79.72 74.94 79.35 71.84 65.09 78.09 65.58 80.03 65.56 79.56 80.30 77.33 66.55 81.73 78.20 76.43 69.18 72.31 76.63 73.82 68.60 81.05 84.26 66.23 84.00 82.26 65.83 79.75 65.35 66.14 74.36 83.20 84.05 75.47 71.75 70.41 71.69 67.18 72.65 78.64 66.62 80.95 70.17 74.33 67.69 69.14 66.47 74.50 71.16 68.26 73.21 64.42 71.68 71.35
78.64 80.22 76.95 75.29 74.73 71.78 82.24 81.74 79.74 77.90 65.14 82.98 83.42 69.60 73.97 65.54 75.48 68.26 80.87 78.61 73.97 73.48 66.85 69.85 65.47 83.69 75.32 74.28 74.38 73.77 69.28 67.08 70.48 67.75 69.39 79.75 81.70 77.81 79.51 65.00 70.27 71.83 76.21 73.81 68.58 71.70 84.83 75.77 69.20 84.70 73.93 82.19 69.53 66.46 76.07 82.29 79.41 66.73 77.99 66.79 73.19 81.62 81.44 71.18 81.64 73.59 76.09 75.52 76.39 70.86 67.30 71.38 64.81 72.51 66.02 70.14 63.26
76.60 73.27 71.01 79.88 78.39 76.17 65.27 68.73 70.38 65.34 81.52 80.13 72.39 83.30 67.16 78.43 76.78 66.27 80.37 70.11 82.82 83.63 81.52 68.48 73.38 84.08 81.91 67.41 72.77 70.26 65.31 67.71 68.20 70.55 70.67 67.33 81.21 77.99 84.65 76.13 79.42 79.48 83.32 70.46 76.76 66.89 83.10 78.86 68.09 76.27 69.28 83.51 77.03 73.50 72.46 76.82 70.72 67.34 68.74 70.51 66.00 84.78 67.00 78.21 82.05 79.14 70.81 74.98 67.50 71.85 75.49 72.61 69.60 69.89 64.39 65.77 69.43
73.04 73.47 83.14 84.09 71.99 67.56 73.46 76.80 80.74 74.10 82.28 71.54 77.29 65.82 81.71 84.00 84.05 74.60 84.59 82.80 71.09 75.79 68.62 72.07 74.55 73.83 82.71 79.58 75.68 84.00 72.40 70.04 84.74 65.28 78.16 66.73 82.09 65.13 71.40 81.43 67.85 79.61 71.81 74.52 70.77 81.41 72.27 76.97 71.53 77.20 80.94 83.17 74.07 78.18 81.39 67.43 78.29 72.81 68.33 69.17 70.44 82.48 74.25 70.21 70.98 79.12 72.90 69.12 68.81 75.00 66.81 71.73 74.34 71.88 72.49 68.89 62.66
65.08 76.39 71.47 75.24 75.44 76.65 79.07 69.93 76.53 84.40 82.16 74.30 76.79 83.17 79.54 66.96 83.97 72.17 76.59 74.31 74.67 79.64 82.75 76.72 82.60 69.18 71.56 70.30 73.57 69.94 77.63 76.79 74.23 71.60 75.25 66.37 72.08 66.08 79.27 81.84 82.31 83.31 70.37 74.85 80.27 73.19 69.86 66.70 70.62 74.26 77.30 76.30 81.12 68.70 77.05 79.64 75.48 73.82 70.19 78.56 71.37 75.05 66.70 75.15 81.52 78.10 76.51 70.13 75.23 75.00 68.02 68.02 74.48 73.65 73.32 63.52 65.05
84.27 68.18 67.86 66.57 69.05 77.47 73.95 72.18 69.69 74.42 71.98 70.07 81.21 82.60 80.28 84.43 72.90 81.30 69.15 70.80 65.27 83.35 66.64 72.81 73.15 66.26 82.08 74.87 75.67 75.82 84.68 65.43 66.76 69.36 65.89 72.21 65.62 76.70 65.79 78.20 80.02 84.45 76.07 69.09 84.65 68.46 67.42 66.55 70.29 75.94 74.16 79.50 78.60 66.59 78.38 84.15 71.70 71.26 71.11 68.14 71.37 79.55 73.26 69.74 79.30 81.01 76.91 71.51 74.48 67.34 74.25 72.60 69.58 69.35 67.24 68.83 70.26
67.86 75.32 78.33 68.36 84.06 72.89 81.68 68.96 82.70 67.30 67.02 81.80 74.42 72.43 68.93 74.83 73.31 78.22 66.51 70.77 83.43 72.95 68.60 70.63 67.55 68.50 70.03 76.18 65.69 73.65 79.39 69.97 82.17 79.33 78.52 72.54 66.32 67.85 65.71 79.27 78.85 67.92 81.95 83.47 71.15 79.19 83.56 76.06 69.76 70.44 77.59 83.61 81.94 82.88 66.04 80.74 84.99 79.45 81.56 68.66 69.57 75.55 81.09 84.36 78.87 68.23 69.71 71.84 75.13 68.03 72.25 73.50 65.56 72.68 65.48 72.09 67.16
84.25 81.77 78.03 78.89 70.65 73.32 77.03 71.10 84.57 73.55 81.98 84.03 66.69 69.87 72.25 82.79 76.37 69.99 68.45 65.49 83.15 65.81 84.07 65.65 78.15 70.09 74.97 72.06 80.66 72.71 76.19 74.81 77.82 73.21 75.18 79.29 81.75 83.60 80.43 72.11 82.80 84.28 70.90 84.15 76.30 73.73 77.74 75.00 77.97 70.72 76.23 76.86 72.87 82.36 82.70 74.10 83.12 73.17 77.67 84.73 84.48 69.88 79.21 71.80 77.12 80.71 78.80 77.55 76.84 71.57 75.82 67.16 68.43 73.75 70.83 68.94 65.60
79.04 81.67 74.82 79.92 70.03 76.42 83.50 75.81 68.93 65.38 83.49 67.49 73.82 79.91 78.85 65.66 72.28 77.31 76.05 73.37 76.03 72.26 66.67 83.34 67.32 68.43 69.62 75.15 65.26 73.08 67.17 71.71 80.42 73.77 69.02 70.11 73.97 79.31 65.42 80.00 66.69 71.24 79.47 84.05 67.39 70.94 75.92 79.53 72.21 80.64 69.31 78.09 76.55 68.39 82.97 65.02 83.03 65.68 70.50 69.79 72.60 79.00 74.01 71.77 69.83 81.44 75.90 73.36 74.98 68.43 66.49 66.75 65.93 69.84 71.58 71.46 63.36
73.74 67.24 75.30 77.34 82.07 67.09 81.06 67.43 69.60 72.62 81.60 74.19 73.03 78.79 84.12 78.38 73.94 71.64 76.89 77.63 74.97 76.34 76.91 73.42 77.84 72.96 71.15 71.42 80.76 82.75 84.27 71.05 66.58 70.88 68.94 71.50 84.45 69.99 78.31 76.41 74.39 70.25 68.14 77.86 75.19 67.78 65.42 68.09 80.28 75.81 74.05 80.80 72.71 76.36 72.85 79.63 69.09 65.38 79.18 74.89 79.86 83.96 72.74 68.49 82.62 84.87 66.04 76.30 69.17 71.45 73.59 75.86 68.80 72.40 65.29 65.78 65.97
79.42 65.77 70.38 67.19 80.75 76.01 71.38 84.52 79.91 71.80 65.09 70.76 66.36 69.27 65.08 83.26 69.95 83.53 67.80 76.28 83.76 80.32 79.90 83.85 77.42 70.84 79.54 74.07 74.33 81.43 65.22 76.54 70.56 77.52 81.40 69.66 67.69 81.47 75.38 65.49 83.44 68.73 67.01 79.04 71.72 80.45 80.83 80.99 83.28 80.60 83.49 79.05 78.29 80.89 76.50 66.01 78.43 80.38 72.74 84.11 73.65 70.39 68.11 82.03 67.09 74.31 70.36 68.85 69.17 68.24 67.33 71.33 71.63 64.91 70.81 71.62 63.57
66.66 84.89 68.78 78.83 65.55 75.99 70.29 68.56 74.28 70.06 72.29 67.97 81.74 69.84 83.24 66.19 83.60 72.09 69.31 72.28 78.00 67.98 66.21 81.18 71.64 81.14 80.59 68.25 78.53 72.94 83.33 65.14 67.91 84.37 78.84 65.81 75.46 76.61 73.29 72.84 81.84 78.95 71.86 69.28 65.18 77.50 69.02 66.01 66.97 77.08 76.05 66.83 73.53 73.17 75.09 70.36 80.71 66.05 66.08 78.46 65.95 75.26 77.80 79.33 84.10 69.93 76.92 71.18 72.08 76.29 74.73 75.89 73.01 65.20 71.96 64.24 69.41
77.08 71.77 66.65 74.58 66.97 82.65 73.67 80.75 82.69 67.59 68.28 72.50 67.78 72.41 77.61 67.06 70.76 79.16 66.85 81.21 70.58 75.74 72.83 73.46 79.24 80.94 84.22 72.23 81.01 80.81 74.19 68.84 82.64 75.17 68.96 75.95 80.90 79.07 74.39 83.65 82.45 71.65 84.05 75.38 74.25 73.63 67.18 70.39 68.84 66.43 75.27 75.17 76.03 65.27 76.69 66.89 66.03 69.74 79.96 65.25 84.70 69.07 79.64 81.46 70.99 82.44 69.42 69.91 71.46 72.24 74.56 68.48 75.33 65.82 65.85 73.06 65.62
71.33 76.47 83.28 65.18 69.63 79.18 83.94 77.38 70.27 79.00 81.51 65.73 83.76 75.84 67.94 75.70 74.92 82.48 72.50 69.25 69.30 84.36 77.19 75.92 70.38 70.46 81.07 67.85 76.33 74.21 81.41 68.51 84.00 72.35 73.73 67.90 69.00 78.78 79.79 78.24 76.51 81.64 71.68 75.72 83.82 84.37 83.29 76.89 70.93 75.89 81.01 73.30 66.97 70.38 72.62 82.91 76.42 65.20 74.16 70.93 80.81 65.44 79.20 70.11 67.39 74.86 65.99 74.37 71.05 68.22 75.43 73.07 70.52 73.10 69.49 68.27 68.83
82.80 72.36 79.01 79.65 79.46 84.11 74.74 73.71 67.13 70.62 65.95 68.01 72.14 70.53 76.29 79.14 70.43 84.82 69.77 78.14 67.66 70.72 82.13 69.89 67.52 75.15 75.94 78.91 79.63 70.54 82.74 71.38 67.56 73.00 75.27 79.48 69.99 76.91 81.02 77.27 83.22 69.82 81.55 74.69 69.93 83.47 70.46 65.52 83.76 71.56 81.50 67.62 84.95 77.02 68.32 79.76 74.67 68.97 77.11 80.27 67.21 81.43 76.85 75.12 70.55 68.95 67.67 77.90 72.85 67.70 76.54 72.44 68.51 73.30 65.72 66.51 70.26
83.82 71.77 81.19 78.70 84.23 71.04 68.04 71.95 72.60 81.48 79.72 67.56 69.73 71.64 70.91 84.06 70.66 77.43 83.82 77.17 67.47 76.81 84.42 79.46 84.38 82.53 76.92 66.48 84.46 79.72 80.84 73.76 81.95 69.41 69.13 78.42 70.39 83.43 82.05 71.86 81.08 82.30 80.01 83.77 80.57 68.23 73.80 71.01 72.55 80.99 67.76 80.41 76.99 65.20 84.44 84.36 74.24 81.12 79.06 78.81 72.79 65.54 75.34 66.65 69.69 68.44 75.58 70.04 73.87 72.10 74.31 71.24 74.90 74.46 67.71 64.45 68.71
78.35 72.01 68.71 76.31 82.67 69.57 76.33 82.47 68.89 82.13 65.75 74.70 84.42 78.94 66.87 81.88 72.18 65.09 80.19 65.24 69.54 74.35 70.97 65.48 82.39 66.43 76.71 78.19 81.91 84.73 79.00 66.29 73.95 84.77 65.21 82.74 71.13 75.49 84.09 73.60 81.56 83.58 74.53 72.84 75.36 79.81 80.51 69.74 80.21 72.78 65.94 76.82 68.65 76.59 79.11 67.19 67.81 67.03 65.36 83.57 71.98 72.60 70.28 71.06 67.52 69.88 80.07 81.18 70.32 75.67 76.40 75.34 70.12 74.77 68.38 72.29 66.20
78.32 73.59 82.51 73.67 80.83 74.60 83.65 77.39 65.26 73.68 65.77 73.63 69.62 78.50 76.05 72.84 82.74 72.35 66.42 76.14 82.13 70.57 75.63 71.97 75.29 71.14 74.28 72.35 78.94 70.13 77.21 76.59 84.81 83.53 84.39 84.72 76.87 72.62 83.54 82.92 70.54 84.54 69.81 77.75 71.09 73.73 71.64 84.42 66.45 71.22 68.56 70.99 74.50 72.01 77.06 78.71 82.75 84.62 81.40 84.30 74.77 81.84 66.68 77.34 75.40 68.61 78.40 73.04 69.80 69.06 76.10 70.69 70.86 74.99 70.16 71.77 71.08
72.22 66.77 78.71 81.47 76.69 79.22 79.88 79.55 82.57 77.19 73.95 80.80 69.26 69.14 74.42 67.30 67.03 67.16 67.64 73.80 75.66 82.00 77.79 77.96 67.16 73.29 80.91 80.74 71.74 73.72 80.23 82.17 79.31 65.75 73.56 73.27 66.81 82.15 71.24 69.10 66.99 66.65 79.99 75.36 73.24 68.94 78.27 82.88 74.88 83.39 77.84 74.35 66.60 71.54 66.56 68.81 77.87 75.72 65.58 80.90 76.18 71.47 83.25 76.78 73.87 83.32 66.54 71.25 72.72 72.30 75.43 73.13 74.22 65.88 66.88 71.36 67.35
73.15 73.05 70.67 69.41 83.23 80.21 81.71 83.67 83.18 70.63 69.10 74.41 65.70 76.21 77.53 79.66 77.17 74.45 80.69 73.18 79.13 72.91 81.33 68.51 83.92 82.72 75.44 72.61 73.72 80.27 78.23 83.24 77.91 77.57 73.16 71.19 69.19 77.65 65.33 78.29 69.87 73.00 71.05 72.64 65.76 78.37 74.20 70.28 75.24 75.90 82.56 78.53 77.82 83.82 77.54 78.52 81.97 73.39 67.66 75.75 76.95 68.07 83.73 66.48 75.75 70.79 69.67 75.05 70.09 72.33 76.32 69.46 66.88 72.84 73.10 68.99 73.57
70.34 68.89 77.98 70.73 75.02 67.70 74.78 78.97 70.71 79.14 71.17 83.39 73.60 84.62 83.22 69.98 78.30 69.90 70.91 78.21 79.63 82.83 70.58 68.71 72.40 73.77 80.46 76.23 78.47 76.69 80.29 67.96 78.53 65.71 84.37 75.81 75.38 66.64 68.74 71.71 67.57 84.62 75.46 81.01 69.36 77.19 72.10 73.02 74.77 76.88 83.41 70.09 73.21 76.10 72.23 81.59 84.57 82.32 78.28 81.59 72.69 75.17 71.83 82.39 72.92 75.64 70.18 77.08 74.76 74.03 70.83 75.05 72.72 70.84 74.17 69.36 68.05
80.11 83.49 82.16 75.88 71.54 83.53 66.39 81.88 67.69 84.40 70.98 72.89 80.60 70.21 74.34 75.43 83.28 72.57 72.85 68.74 77.56 76.44 68.44 83.28 75.58 72.67 78.67 73.44 84.93 83.14 67.28 78.22 66.28 84.25 75.44 71.01 84.29 66.20 74.33 78.54 76.74 73.38 77.62 76.37 83.90 73.34 72.92 74.76 76.87 77.15 84.83 77.59 73.88 70.07 84.70 80.53 68.94 68.22 68.66 66.61 65.25 73.49 70.86 73.94 67.07 80.93 65.31 73.23 77.56 72.82 76.46 75.74 71.23 70.32 65.34 73.61 73.57
78.36 80.65 70.82 79.86 76.64 81.58 66.78 78.22 75.92 79.10 65.29 79.99 65.29 77.43 67.80 67.37 71.48 81.77 68.87 76.20 78.20 83.29 80.91 84.42 76.20 83.50 81.19 67.89 67.05 81.09 79.12 67.27 79.25 82.24 78.46 83.90 73.57 73.43 80.52 66.98 73.41 76.30 82.72 74.94 77.10 76.24 82.17 75.81 81.45 74.94 83.21 72.11 65.94 77.39 66.92 84.49 82.37 70.38 82.41 73.73 76.52 70.04 71.65 75.67 65.67 74.68 71.47 79.69 78.38 77.11 72.24 75.46 69.03 71.71 73.32 66.25 70.20
80.35 83.59 74.49 84.58 71.29 79.38 82.40 79.93 69.94 70.45 78.61 65.72 65.49 78.24 82.97 80.54 81.47 82.69 68.40 68.49 83.80 66.55 78.12 84.69 79.14 69.87 79.81 66.31 78.84 77.80 75.23 65.32 76.78 78.78 71.94 75.85 82.79 83.33 77.45 65.31 67.15 78.98 82.28 79.71 76.15 69.00 79.72 77.81 83.70 75.31 77.88 84.22 78.15 74.46 74.21 69.02 71.92 82.99 66.69 82.14 78.51 79.48 83.76 83.11 84.38 80.30 80.38 69.30 80.50 70.23 68.30 75.35 72.72 75.81 66.63 68.80 72.56
72.44 80.53 72.79 75.94 80.08 76.09 84.75 77.83 72.63 78.41 67.56 83.04 75.06 71.15 69.60 66.72 83.28 67.04 69.77 79.46 76.48 71.01 79.58 82.86 73.02 75.25 84.45 71.99 68.00 75.17 70.59 77.10 81.95 73.55 76.79 70.66 67.72 76.74 81.14 74.95 80.15 76.13 71.58 65.31 74.09 70.79 81.39 67.44 66.54 67.77 74.11 69.82 65.75 70.12 74.34 78.31 70.17 79.62 68.92 72.30 66.92 66.25 67.29 80.73 74.57 78.51 84.75 65.87 67.41 73.13 71.18 67.30 71.68 73.17 68.37 65.09 71.34
65.29 69.06 73.80 74.99 74.10 66.61 82.63 83.71 79.27 75.82 71.63 77.61 84.69 65.07 80.73 68.15 69.83 84.41 65.85 78.36 82.96 80.52 77.17 84.49 68.23 83.38 67.07 73.61 73.01 70.52 67.18 65.82 84.15 68.99 67.58 72.29 70.78 83.74 79.67 75.78 74.49 84.86 82.20 81.70 82.69 80.20 80.77 67.51 83.22 77.84 79.64 83.67 65.13 79.17 72.43 82.49 69.02 84.26 79.70 75.65 79.18 69.26 82.89 76.34 80.65 70.18 69.02 70.08 74.92 74.61 69.23 77.33 70.17 71.03 73.87 70.87 65.46
72.56 68.44 79.59 77.36 68.98 66.24 82.71 71.62 76.55 84.75 84.07 78.88 66.91 68.20 76.67 79.18 68.68 67.16 81.95 68.97 66.02 75.92 71.57 80.20 74.00 65.07 80.00 66.47 75.42 74.84 79.87 79.83 67.49 69.83 80.48 74.24 75.67 84.10 68.96 69.71 80.11 76.98 77.75 84.54 72.88 69.02 72.80 72.12 80.68 66.31 67.94 83.17 81.35 71.57 70.76 84.20 70.89 77.04 83.17 81.07 76.97 73.11 71.47 80.56 68.21 70.84 76.01 83.52 76.64 73.32 72.65 68.16 76.54 75.37 74.83 68.03 70.48
84.96 84.57 82.78 84.74 78.97 66.80 81.41 70.81 68.92 78.53 82.28 65.30 72.61 81.93 66.92 67.02 83.70 71.33 77.39 69.15 84.86 77.34 79.45 74.67 72.14 83.55 73.56 75.43 78.86 70.38 66.43 70.76 84.72 79.10 75.49 65.18 74.18 81.76 79.39 83.77 77.68 79.96 66.69 76.16 82.96 76.85 80.27 65.57 71.60 75.30 65.10 66.56 84.65 70.57 76.81 70.13 77.64 77.06 65.20 80.37 83.52 70.18 75.84 73.09 81.97 82.35 69.49 72.91 84.11 76.18 76.36 69.31 74.09 67.87 66.10 67.56 65.73
